1451194290 29
1455574873 911
1455575690 28540
1455575713 28567
1455576414 28567
1455576425 28567
1455576594 28567
1455576620 28567
1455576638 28567
1455576862 29410
1455596620 29435
1455596714 22882
1455597283 22418
1455597512 22419
1455597983 22419
1456112596 22568
1456115366 22647
1456115663 22598
1456262969 22599
1456263330 23274
1456266913 3925
1456266953 3925
1456851803 6350
1457404464 6923
1457476037 1851
1458403735 1851
1459103240 1845
1459109034 2069
1459112551 2079
1459719209 2936
1459721586 2937
1459721620 2945
1459721684 2946
1459733906 2946
1459816261 3222
1459817146 3220
1461531202 4649
1461532300 4649
1461611494 5103
1461704553 5103
1461736084 5129
1461740314 5848
1461748081 5984
1461752299 6119
1461757437 6295
1461761874 6757
1461803301 6978
1461806620 6978
1461810237 7010
1462441855 7266
1462443113 8030
1472917822 8040
1472918126 8041
1474310184 8102
1474311080 8130
