1443557893 0 0 0 0 0 0 0 0 0 0 0
1443645953 0 0 0 12 0 0 0 0 0 0 0
1444162186 0 4 0 12 0 0 0 0 0 0 0
1444163098 0 8 0 12 0 0 0 0 0 0 0
1444163220 0 30 0 12 0 0 0 0 0 0 0
1444857786 0 30 0 454 0 0 0 0 0 0 0
1448949569 0 30 0 651 0 0 0 0 0 0 0
1448949800 0 30 0 848 0 0 0 0 0 0 0
1448951022 0 30 0 868 0 0 0 0 0 0 0
1448987503 0 54 0 868 0 0 0 0 0 0 0
1448987947 0 54 8 868 0 0 0 0 0 0 0
1449004521 0 284 8 868 0 0 0 0 0 0 0
1449265318 0 284 27 868 0 0 0 0 0 0 0
1449269297 0 284 33 868 0 0 0 0 0 0 0
1449269347 0 284 85 868 0 0 0 0 0 0 0
1449269492 0 284 86 868 0 0 0 0 0 0 0
1449276461 0 284 86 868 12 0 0 0 0 0 0
1449276762 0 284 86 868 24 0 0 0 0 0 0
1449277795 0 284 86 868 26 0 0 0 0 0 0
1449279809 0 284 86 868 35 0 0 0 0 0 0
1449279873 0 284 86 868 156 0 0 0 0 0 0
1449282571 0 284 86 868 156 0 0 0 117 0 0
1449283677 0 284 105 868 156 0 0 0 117 0 0
1449283927 0 284 115 868 156 0 0 0 117 0 0
1449284980 0 284 130 868 156 0 0 0 117 0 0
1449285615 0 284 132 868 156 0 0 0 117 0 0
1449285952 0 284 134 868 156 0 0 0 117 0 0
1449288664 0 284 134 868 160 0 0 0 117 0 0
1449289465 0 284 135 868 160 0 0 0 117 0 0
1449289871 0 284 135 868 160 0 0 0 117 0 0
1449294250 0 284 136 868 160 0 0 0 117 0 0
1449610422 0 295 136 868 160 0 0 0 117 0 0
1449611076 0 295 136 868 160 0 0 0 117 0 0
1449611318 0 302 136 868 160 0 0 0 117 0 0
1454606065 0 302 136 868 168 0 0 0 117 0 0
1456177600 0 302 136 883 168 0 0 0 117 0 0
1457062211 49 302 136 883 168 0 0 0 117 0 0
1457063272 49 302 136 883 168 0 0 0 117 0 0
1457064224 128 302 136 883 168 0 0 0 117 0 0
1457064699 129 302 136 883 168 0 0 0 117 0 0
1457076048 168 302 136 883 168 0 0 0 117 0 0
1457079537 210 302 136 883 168 0 0 0 117 0 0
1457079583 210 302 136 883 168 0 0 0 117 0 0
1457116005 272 302 136 883 168 0 0 0 117 0 0
1457129095 411 302 136 883 168 0 0 0 117 0 0
1458678838 643 302 136 883 168 0 0 0 117 0 0
1458679944 788 302 136 883 168 0 0 0 117 0 0
1458881194 790 302 136 883 168 0 0 0 117 0 0
1458940823 790 302 136 883 168 0 0 0 117 3 0
1459269743 791 302 136 883 168 0 0 0 117 3 0
1459270802 1102 302 136 883 168 0 0 0 117 3 0
1459276788 1219 302 136 883 168 0 0 0 117 3 0
1459284404 1325 302 136 883 168 0 0 0 117 3 0
1459287782 1362 302 136 883 168 0 0 0 117 3 0
1459289160 1377 302 136 883 168 0 0 0 117 3 0
1459301956 1606 302 136 883 168 0 0 0 117 3 0
1459302120 1606 302 136 883 168 0 0 0 117 3 0
1459302335 1607 302 136 883 168 0 0 0 117 3 0
1459302742 1998 302 136 883 168 0 0 0 117 3 0
1459302778 2001 302 136 883 168 0 0 0 117 3 0
1459309222 2057 302 136 883 168 0 0 0 117 3 0
1460175212 2057 302 136 883 168 0 0 0 117 3 0
1460494058 2057 302 136 936 168 0 0 0 117 3 0
1460798106 2058 302 136 936 168 0 0 0 117 3 0
1460809624 2213 302 136 936 168 0 0 0 117 3 0
1460809865 2213 302 136 936 168 0 0 0 117 3 0
1460830162 2213 302 136 936 168 0 0 0 117 3 0
1460830296 2213 302 136 936 168 0 0 0 117 3 0
1461083082 2213 313 136 936 168 0 0 0 117 3 0
1461083246 2213 340 136 936 168 0 0 0 117 3 0
1461083363 2213 341 136 936 168 0 0 0 117 3 0
1461085679 2213 395 136 936 168 0 0 0 117 3 0
1461086693 2213 408 136 936 168 0 0 0 117 3 0
1461086892 2215 408 136 936 168 0 0 0 117 3 0
1461089307 2235 408 136 936 168 0 0 0 117 3 0
1461605223 2235 408 136 936 168 29 0 0 117 3 0
1461620640 2235 408 136 1278 168 29 0 0 117 3 0
1461621610 2235 408 136 1281 168 29 0 0 117 3 0
1461621771 2235 408 136 1283 168 29 0 0 117 3 0
1461622739 2235 408 136 1283 174 29 0 0 117 3 0
1461624076 2235 408 136 1283 174 29 0 0 117 3 19
1461624150 2235 408 136 1283 174 29 0 0 117 3 19
1461633295 2235 408 136 1283 174 97 0 0 117 3 19
1461887721 2235 408 136 1283 174 126 0 0 117 3 19
1462494238 2235 409 136 1283 174 126 0 0 117 3 19
1462494523 2235 432 136 1283 174 126 0 0 117 3 19
1462494720 2235 433 136 1283 174 126 0 0 117 3 19
1462494744 2235 433 136 1283 174 126 0 0 117 3 19
1462495582 2235 452 136 1283 174 126 0 0 117 3 19
1462495709 2235 453 136 1283 174 126 0 0 117 3 19
1462497440 2235 453 136 1283 174 129 0 0 117 3 19
1462498338 2235 453 136 1283 174 138 0 0 117 3 19
1462498903 2235 453 136 1283 174 140 0 0 117 3 19
1473797529 2235 453 136 1283 174 140 1 0 117 3 19
1473797723 2235 453 136 1283 174 140 1 1 117 3 19
1473797871 2235 453 136 1283 174 140 1 1 117 3 19
1473798737 2235 453 136 1283 174 140 1 2 117 3 19
1473798953 2241 453 136 1283 174 140 1 2 117 3 19
1473800483 2252 453 136 1283 174 140 1 2 117 3 19
1473800618 2253 453 136 1283 174 140 1 2 117 3 19
1474057775 2267 453 136 1283 174 140 1 2 117 3 19
1474408453 2811 453 136 1283 174 140 1 2 117 3 19
1474408797 3053 453 136 1283 174 140 1 2 117 3 19
1474922121 3255 453 136 1283 174 140 1 2 117 3 19
1474922373 3259 453 136 1283 174 140 1 2 117 3 19
1474923590 11677 453 136 1283 174 140 1 2 117 3 19
1474923792 11677 453 136 1283 174 140 1 2 117 3 19
1474924824 11695 453 136 1283 174 140 1 2 117 3 19
1475007053 11695 453 136 1283 174 140 2 2 117 3 19
1475008313 11695 453 136 1283 174 140 4 2 117 3 19
1475009151 11695 453 136 1283 174 140 5 2 117 3 19
1475268448 11695 453 136 1283 174 140 5 6 117 3 19
1475591152 11824 453 136 1283 174 140 5 6 117 3 19
1475591405 11837 453 136 1283 174 140 5 6 117 3 19
1475612090 11965 453 136 1283 174 140 5 6 117 3 19
1475612411 11966 453 136 1283 174 140 5 6 117 3 19
1475613172 11966 453 136 1283 174 140 5 7 117 3 19
1476389272 11992 453 136 1283 174 140 5 7 117 3 19
1476390028 11998 453 136 1283 174 140 5 7 117 3 19
1476390688 12013 453 136 1283 174 140 5 7 117 3 19
1476390952 12015 453 136 1283 174 140 5 7 117 3 19
